BH (km2)	Amax (ha)
12.12	72.25
17.87	104.87
18.00	
4.12	21.75
12.40	11.91
	137.85
20.90	24.75
5.01	25.75
3.10	15.76
9.50	38.25
6.26	29.62
75.62	97.62
4.00	47.50
31.00	12.38
3.97	36.60
8.29	81.65
15.80	88.42
13.57	81.84
32.40	153.15
9.40	31.33
21.92	60.62
21.92	106.82
17.00	163.85
4.36	27.68
21.65	85.49
9.86	24.15
13.40	81.12
7.28	36.82
12.52	26.25
21.88	48.90
	
113.00	219.07
33.40	32.05
3.71	26.50
23.00	48.30
9.26	6.05
4.71	31.50
117.95	87.95
6.28	33.87
17.00	91.61
44.54	31.48
36.00	51.85
10.66	16.72
30.00	48.10
10.02	56.12
39.60	18.10
37.42	131.56
58.95	287.22
10.39	57.87
6.16	26.37
21.71	44.91
	16.84
10.98	58.75
8.28	61.57
3.24	18.99
8.84	91.82
5.85	22.54
4.14	28.45
4.14	46.43
13.00	44.72
13.00	44.72
13.00	59.18
5.28	35.33
11.59	87.02
23.32	55.56
7.08	27.90
84.00	31.88
3.57	21.80
26.00	212.35
3.51	17.18
3.85	28.16
5.85	35.30
4.66	36.45
8.60	54.00
22.84	94.00
9.25	51.45
9.92	62.97
113.00	122.82
9.42	76.60
9.07	16.91
5.50	45.55
12.82	60.62
9.51	44.93
9.51	67.70
33.57	72.28
3.12	37.67
12.07	44.07
6.98	31.99
10.70	69.00
8.12	39.39
22.92	169.57
22.62	8.92
25.62	117.30
25.40	47.30
4.24	22.47
6.17	41.40
12.34	61.00
7.01	46.98
24.50	52.05
14.15	56.30
14.07	62.97
14.80	36.29
10.69	26.60
3.50	13.77
	
	
31.76	134.55
95.75	206.37
50.00	234.80
7.12	83.31
7.00	68.48
15.52	68.16
19.38	49.87
94.00	
5.43	51.15
4.50	29.95
11.84	84.45
35.75	129.70
6.40	39.50
31.95	99.90
31.95	156.80
2.24	19.88
24.00	66.00
8.34	
5.83	29.55
1.33	24.37
35.00	31.95
42.81	148.95
17.50	56.96
6.53	24.43
4.35	32.37
12.01	96.67
10.62	78.60
21.00	53.00
7.00	40.75
0.57	7.87
6.84	50.90
8.42	48.22
4.50	26.83
8.00	30.19
25.10	138.50
37.37	136.60
2.12	20.55
15.50	69.07
8.65	42.07
5.99	41.82
2.53	18.96
2.80	44.80
5.00	27.95
6.10	42.90
55.98	
3.68	39.83
67.76	109.42
216.50	315.17
3.44	16.72
12.67	102.95
75.00	127.49
11.26	93.15
	
5.80	5.89
28.70	113.79
2.52	22.80
1.07	18.55
4.40	21.00
24.90	172.60
21.74	55.75
2.52	26.05
5.80	17.23
4.05	20.42
8.10	28.37
19.16	97.25
14.38	56.70
7.94	21.78
6.00	17.52
178.15	208.87
5.73	22.62
	
6.41	29.82
24.55	59.85
9.40	55.00
6.75	74.78
35.00	52.20
13.78	42.70
4.56	28.40
7.29	41.12
2.98	16.20
7.00	18.75
5.00	55.52
4.70	39.22
4.60	29.99
5.17	30.05
11.34	59.14
3.67	32.01
20.02	55.20
92.94	238.78
8.40	
28.92	113.00
9.69	49.02
32.92	128.87
9.42	35.50
6.68	49.88
34.91	83.81
8.00	39.52
8.88	39.01
17.87	34.13
31.00	154.96
2.87	20.01
	
20.57	20.98
8.07	30.44
	
15.18	123.75
3.00	20.07
21.39	108.57
107.60	30.62
6.71	45.86
10.00	16.50
3.74	23.95
10.49	129.00
8.69	42.50
28.92	142.50
4.24	10.94
28.60	95.87
4.70	27.23
23.80	
9.68	56.40
15.00	58.38
143.00	90.00
56.00	128.07
4.85	17.62
12.11	41.36
8.19	28.66
	
12.38	29.63
9.91	121.65
6.29	23.95
44.37	50.92
79.00	97.22
2.84	48.89
4.74	32.35
5.10	32.31
2.63	31.30
4.18	22.07
14.78	129.04
5.30	38.25
6.96	25.24
27.00	
9.52	76.10
27.00	114.37
6.50	38.15
13.73	16.02
6.48	27.72
5.88	46.98
2.85	28.99
	
58.61	154.41
11.00	54.17
15.84	44.80
5.38	30.78
14.75	49.00
60.65	63.55
11.99	167.05
120.00	321.00
	
5.23	31.32
32.70	72.88
21.13	93.22
4.84	26.75
20.22	141.00
12.57	64.25
17.77	85.20
10.91	51.38
	
27.84	72.84
2.86	19.46
4.50	31.54
34.00	42.90
20.40	74.00
2.59	25.10
3.74	62.86
13.20	92.66
5.52	26.08
6.50	19.18
6.12	35.09
13.83	49.03
13.83	135.92
4.22	23.63
22.85	59.77
6.77	36.55
50.20	31.32
40.00	12.32
4.68	28.29
11.12	34.29
30.00	80.68
11.08	42.84
3.48	20.42
5.40	41.55
133.10	143.08
5.70	
9.63	49.00
89.57	20.82
48.00	123.00
54.08	46.77
49.76	19.04
6.36	25.04
14.00	73.88
21.25	63.50
16.12	48.45
26.70	64.65
5.50	39.68
9.28	76.90
7.26	57.69
16.30	12.93
16.30	
10.88	112.35
83.04	205.90
5.29	33.52
5.29	46.20
8.80	61.97
37.52	98.35
15.00	86.40
11.85	60.30
21.12	139.44
8.40	31.15
8.40	58.45
9.97	85.00
5.80	19.84
15.90	97.65
76.75	68.52
6.10	
18.42	35.47
7.96	62.80
7.96	62.80
4.00	40.85
4.69	46.71
10.74	22.55
3.00	7.99
3.00	17.35
52.50	68.51
4.43	36.20
42.00	44.16
19.00	25.55
2.48	20.77
11.12	28.20
6.38	61.42
4.60	25.58
16.80	85.75
20.50	44.50
7.80	34.80
23.52	44.86
23.52	40.01
23.52	60.39
8.94	71.12
12.00	55.22
7.12	48.50
2.68	28.02
12.52	58.48
4.39	49.12
6.64	46.29
3.26	35.16
31.42	49.86
29.07	70.35
34.88	149.18
8.76	43.90
1.34	7.14
62.91	
8.00	33.30
43.12	63.00
22.40	51.45
94.65	60.45
17.54	34.21
12.59	61.28
20.66	98.05
11.77	105.50
1.65	13.94
5.89	40.87
17.22	86.27
10.05	5.07
2.00	32.12
64.50	15.37
24.25	78.00
8.05	57.96
14.40	
175.55	146.73
4.68	29.50
22.40	185.00
24.13	134.99
19.15	78.00
198.00	19.53
	53.40
11.92	61.82
13.85	69.02
26.78	171.00
2.45	26.22
4.92	51.45
9.66	42.40
55.50	70.52
7.40	46.22
148.00	164.05
99.47	
12.32	38.51
193.67	205.10
10.25	102.81
3.72	47.92
33.94	124.81
63.57	280.72
65.90	259.30
11.32	51.50
8.28	46.47
21.80	46.87
4.36	21.20
21.70	56.77
7.12	36.64
20.50	68.57
9.32	74.00
11.76	57.25
4.30	25.75
25.52	72.42
35.56	72.18
30.80	141.97
28.80	62.40
4.40	42.72
8.72	60.87
8.09	47.36
13.92	10.66
4.00	7.66
1.99	12.60
14.73	47.17
54.00	22.64
54.00	22.64
2.55	20.32
24.32	66.42
29.73	67.50
67.86	103.42
2.46	23.02
3.11	13.12
2.26	9.49
7.92	37.50
7.59	49.05
4.64	29.67
10.12	54.00
4.88	23.97
18.42	44.94
9.12	61.70
3.80	21.42
11.00	127.67
7.64	28.63
4.50	24.00
140.00	97.71
140.00	178.87
140.00	246.40
75.00	107.26
40.50	80.10
28.92	159.50
5.53	51.87
31.70	88.47
13.18	54.09
	
11.90	34.05
38.78	75.80
19.35	26.06
7.86	88.56
7.86	88.56
26.20	61.75
15.00	65.67
4.36	47.00
18.45	61.40
19.22	30.95
57.00	107.45
15.11	56.50
18.35	24.26
15.94	29.31
27.65	131.37
7.52	42.42
64.45	83.00
59.50	199.75
19.93	72.37
4.98	26.62
12.34	54.89
11.00	32.00
9.22	78.87
7.50	56.17
9.60	45.62
143.00	417.62
18.10	22.16

